version https://git-lfs.github.com/spec/v1
oid sha256:3029e852f177f7816f953d1ca8ddb57918de743513a8ff2f161a90219b0d34d6
size 8800
